2.299796002387068711e+03
3.307831323217032605e+03
2.311235580741649301e+03
1.606083778920840814e+03
1.106270833601801996e+03
2.769980912936400273e+03
2.028096492803755382e+03
3.308828860508719572e+03
2.314105579944087822e+03
1.614552696531493211e+03
2.318455365012577204e+03
3.312617691126540194e+03
2.318518089317207341e+03
1.615969470136474229e+03
1.115539825962300483e+03
1.622831661141260611e+03
2.318738879055048983e+03
1.622918160213961528e+03
1.135862375064353728e+03
7.842353500639748063e+02
1.135685653779027689e+03
1.622962924174573345e+03
1.135980180398370067e+03
7.949412222712959419e+02
5.450748692632425900e+02
